10
0.0 6.202753190204285 4.584635466914787 5.401865832993284 5.617654044926803 5.921716763752384 5.921716763752384 5.625657575103166 6.291421744621584 3.8293077561106457
6.202753190204285 0.0 5.921716763752384 3.8293077561106457 6.202753190204285 6.291421744621584 5.921716763752384 4.584635466914787 5.625657575103166 3.8293077561106457
4.584635466914787 5.921716763752384 0.0 5.401865832993284 7.693366682303541 6.291421744621584 5.401865832993284 6.291421744621584 3.8293077561106457 5.625657575103166
5.401865832993284 3.8293077561106457 5.401865832993284 0.0 5.625657575103166 6.379913968621347 5.625657575103166 4.584635466914787 3.8293077561106457 5.921716763752384
5.617654044926803 6.202753190204285 7.693366682303541 5.625657575103166 0.0 4.584635466914787 6.291421744621584 5.921716763752384 4.584635466914787 5.625657575103166
5.921716763752384 6.291421744621584 6.291421744621584 6.379913968621347 4.584635466914787 0.0 6.379913968621347 6.291421744621584 5.617654044926803 3.8293077561106457
5.921716763752384 5.921716763752384 5.401865832993284 5.625657575103166 6.291421744621584 6.379913968621347 0.0 5.617654044926803 3.8293077561106457 4.584635466914787
5.625657575103166 4.584635466914787 6.291421744621584 4.584635466914787 5.921716763752384 6.291421744621584 5.617654044926803 0.0 4.584635466914787 6.202753190204285
6.291421744621584 5.625657575103166 3.8293077561106457 3.8293077561106457 4.584635466914787 5.617654044926803 3.8293077561106457 4.584635466914787 0.0 5.617654044926803
3.8293077561106457 3.8293077561106457 5.625657575103166 5.921716763752384 5.625657575103166 3.8293077561106457 4.584635466914787 6.202753190204285 5.617654044926803 0.0
